Adobe After Effects 8.0 Keyframe Data

	Units Per Second	60
	Source Width	1920
	Source Height	1012
	Source Pixel Aspect Ratio	1
	Comp Pixel Aspect Ratio	1

Transform	Position
	Frame	X pixels	Y pixels	Z pixels	
	0	899.349	509.489	-18754.8	
	1	897.746	512.224	-18738.5	
	2	897.746	512.224	-18738.5	
	3	897.727	512.259	-18738.1	
	4	897.696	512.252	-18738.1	
	5	897.755	512.129	-18738.5	
	6	897.764	512.189	-18738.9	
	7	897.764	512.189	-18738.9	
	8	897.764	512.189	-18738.9	
	9	897.764	512.189	-18738.9	
	10	897.764	512.189	-18738.9	
	11	897.736	512.164	-18738.1	
	12	897.764	512.189	-18738.9	
	13	897.764	512.189	-18738.9	
	14	897.764	512.189	-18738.9	
	15	897.764	512.189	-18738.9	
	16	897.764	512.189	-18738.9	
	17	897.755	512.129	-18738.5	
	18	897.764	512.189	-18738.9	
	19	897.764	512.189	-18738.9	
	20	897.764	512.189	-18738.9	
	21	897.764	512.189	-18738.9	
	22	897.764	512.189	-18738.9	
	23	897.764	512.189	-18738.9	
	24	897.764	512.189	-18738.9	
	25	897.764	512.189	-18738.9	
	26	897.764	512.189	-18738.9	
	27	897.764	512.189	-18738.9	
	28	897.764	512.189	-18738.9	
	29	897.764	512.189	-18738.9	
	30	897.041	525.946	-18908.3	
	31	897.381	525.881	-18892.1	
	32	897.623	525.872	-18881.9	
	33	897.862	525.876	-18872.4	
	34	898.12	525.851	-18863.2	
	35	898.293	525.824	-18854.2	
	36	898.587	525.814	-18842.7	
	37	898.805	525.788	-18835.1	
	38	899.016	525.818	-18824.8	
	39	899.233	525.782	-18816.6	
	40	899.454	525.734	-18806.6	
	41	899.68	525.736	-18797.5	
	42	899.951	525.767	-18784.4	
	43	900.177	525.768	-18775	
	44	900.398	525.735	-18765	
	45	900.63	525.754	-18754.5	
	46	900.839	525.784	-18745.2	
	47	901.02	525.751	-18736.4	
	48	901.261	525.801	-18725.4	
	49	901.452	525.809	-18716	
	50	901.693	525.834	-18708.2	
	51	901.894	525.757	-18700.4	
	52	902.101	525.8	-18688.7	
	53	902.29	525.804	-18681.3	
	54	902.506	525.869	-18671.1	
	55	902.681	525.897	-18662.2	
	56	902.844	525.875	-18653.9	
	57	902.989	525.883	-18646.1	
	58	903.058	525.891	-18639.1	
	59	903.175	525.891	-18631	
	60	903.355	525.893	-18623.8	
	61	903.547	525.881	-18615.3	
	62	903.725	525.872	-18607.3	
	63	903.914	525.87	-18598	
	64	904.092	525.857	-18589.5	
	65	904.312	525.87	-18579.7	
	66	904.473	525.863	-18571.5	
	67	904.703	525.876	-18561.4	
	68	904.845	525.841	-18555	
	69	905.053	525.855	-18544.7	
	70	905.215	525.84	-18537	
	71	905.455	525.876	-18525.9	
	72	905.612	525.866	-18518.3	
	73	905.853	525.899	-18506.9	
	74	906.008	525.887	-18498.4	
	75	905.923	525.813	-18497	
	76	906.05	525.787	-18490.5	
	77	906.213	525.787	-18481.3	
	78	906.36	525.762	-18473.7	
	79	906.531	525.768	-18464.1	
	80	906.646	525.816	-18456.4	
	81	906.777	525.801	-18448	
	82	906.917	525.779	-18441	
	83	906.995	525.832	-18432.9	
	84	907.115	525.795	-18426.5	
	85	907.254	525.766	-18418.9	
	86	907.367	525.726	-18412.7	
	87	907.509	525.73	-18402.6	
	88	907.609	525.709	-18398.1	
	89	907.674	525.692	-18391.5	
	90	907.769	525.671	-18385.8	
	91	908.856	525.878	-18359.8	
	92	908.932	525.852	-18353.1	
	93	909.152	525.859	-18343.4	
	94	909.419	525.876	-18332.8	
	95	909.767	525.92	-18321.6	
	96	910.153	525.957	-18308.5	
	97	910.388	525.96	-18299.3	
	98	910.556	525.939	-18290.5	
	99	910.783	525.958	-18281.8	
	100	910.992	525.932	-18272.5	
	101	911.153	525.937	-18265.2	
	102	911.327	525.926	-18256.5	
	103	911.959	526.05	-18240.1	
	104	911.993	525.959	-18232.2	
	105	912.246	525.964	-18222.5	
	106	912.464	525.953	-18212	
	107	912.816	526.013	-18201.4	
	108	913.083	526.028	-18191.8	
	109	913.428	526.061	-18180.9	
	110	913.664	526.066	-18172.2	
	111	913.787	526.042	-18165.9	
	112	913.903	526.012	-18159.4	
	113	914.145	526.037	-18151.2	
	114	914.533	526.095	-18140.6	
	115	914.636	526.067	-18134.7	
	116	914.523	525.953	-18132.7	
	117	914.763	525.962	-18124.7	
	118	915.262	526.058	-18111.9	
	119	915.538	526.074	-18103.3	
	120	915.618	526.121	-18096	
	121	915.914	526.243	-18086.2	
	122	916.165	526.243	-18077.6	
	123	916.465	526.259	-18067.7	
	124	916.728	526.266	-18059.3	
	125	917.018	526.277	-18049.7	
	126	917.332	526.303	-18040.1	
	127	917.621	526.314	-18030.7	
	128	917.924	526.328	-18021.5	
	129	918.221	526.338	-18011.9	
	130	918.507	526.37	-18003	
	131	918.791	526.391	-17993.9	
	132	919.066	526.411	-17985.7	
	133	919.31	526.431	-17977.1	
	134	919.571	526.455	-17969	
	135	919.857	526.476	-17959.6	
	136	920.106	526.479	-17951.7	
	137	920.378	526.498	-17943.2	
	138	920.645	526.534	-17935.8	
	139	920.946	526.566	-17927.2	
	140	921.228	526.592	-17918.8	
	141	921.482	526.612	-17910.8	
	142	921.737	526.627	-17903.3	
	143	922.023	526.666	-17895	
	144	922.306	526.707	-17887.3	
	145	922.539	526.739	-17880.7	
	146	922.759	526.751	-17874.5	
	147	923.067	526.802	-17866.2	
	148	923.359	526.857	-17858.3	
	149	923.676	526.907	-17849.7	
	150	923.938	526.929	-17842.8	
	151	924.099	527.002	-17827.2	
	152	924.249	526.968	-17816.8	
	153	924.83	527.295	-17802.1	
	154	925.054	527.258	-17791.3	
	155	925.263	527.255	-17783.9	
	156	925.503	527.245	-17773.4	
	157	925.752	527.249	-17764.3	
	158	926.003	527.231	-17754.1	
	159	926.147	527.185	-17746.1	
	160	926.434	527.192	-17736.1	
	161	926.665	527.191	-17727.6	
	162	926.943	527.206	-17716.2	
	163	927.158	527.209	-17707.3	
	164	927.329	527.107	-17697.3	
	165	927.584	527.104	-17688.2	
	166	927.725	527.086	-17680.3	
	167	928.035	527.113	-17670.2	
	168	928.214	527.109	-17659.1	
	169	928.538	527.141	-17648.8	
	170	928.791	527.172	-17639.3	
	171	928.98	527.194	-17631.2	
	172	929.224	527.192	-17619.4	
	173	929.476	527.214	-17611.3	
	174	929.7	527.225	-17599.8	
	175	929.485	527.225	-17602.2	
	176	929.737	527.25	-17593.1	
	177	929.99	527.311	-17584.8	
	178	929.892	527.253	-17581	
	179	930.141	527.315	-17572.8	
	180	930.039	527.349	-17570.4	
	181	929.967	527.088	-17556.1	
	182	930.013	527.065	-17549.4	
	183	930.074	527.027	-17538.5	
	184	930.125	527.014	-17534.1	
	185	930.191	526.972	-17523	
	186	930.262	526.957	-17517.4	
	187	930.303	526.915	-17508.2	
	188	930.344	526.891	-17502.7	
	189	930.379	526.854	-17493.7	
	190	930.444	526.827	-17486	
	191	930.47	526.789	-17477.7	
	192	930.506	526.762	-17471.2	
	193	930.552	526.737	-17463.3	
	194	930.597	526.716	-17456.7	
	195	930.681	526.684	-17446.8	
	196	930.756	526.66	-17440.1	
	197	930.791	526.637	-17431.8	
	198	930.837	526.62	-17425.4	
	199	930.895	526.585	-17417	
	200	930.937	526.553	-17409.4	
	201	930.968	526.519	-17400.1	
	202	930.99	526.477	-17390.6	
	203	931.073	526.45	-17382.7	
	204	931.126	526.426	-17376.5	
	205	931.181	526.402	-17369.4	
	206	931.249	526.362	-17359.4	
	207	931.269	526.334	-17352.5	
	208	931.288	526.303	-17345.3	
	209	931.312	526.27	-17336.6	
	210	931.291	526.12	-17326.2	
	211	931.46	526.102	-17304.2	
	212	931.625	526.041	-17295.2	
	213	931.765	525.996	-17285	
	214	931.909	525.95	-17272.1	
	215	932.064	525.887	-17262.2	
	216	932.219	525.833	-17250.3	
	217	932.388	525.8	-17240	
	218	932.551	525.744	-17230.1	
	219	932.713	525.701	-17218.2	
	220	932.921	525.579	-17212	
	221	933.08	525.532	-17200	
	222	933.236	525.475	-17189.3	
	223	933.372	525.423	-17177.8	
	224	933.501	525.355	-17166.6	
	225	933.658	525.321	-17156.9	
	226	933.807	525.273	-17144.6	
	227	933.946	525.237	-17131.3	
	228	934.116	525.202	-17120.2	
	229	934.235	525.135	-17109.8	
	230	934.361	525.087	-17098.1	
	231	934.487	525.043	-17087.6	
	232	934.62	525.004	-17076.3	
	233	934.737	524.956	-17066	
	234	934.86	524.925	-17054.3	
	235	934.982	524.885	-17044.5	
	236	935.101	524.821	-17034.2	
	237	935.183	524.772	-17023.9	
	238	935.278	524.727	-17012.8	
	239	935.367	524.682	-17002.4	
	240	935.454	524.665	-16992.4	
	241	935.551	524.648	-16978.1	
	242	935.703	524.609	-16965.2	
	243	935.831	524.604	-16951.9	
	244	935.968	524.551	-16937.4	
	245	936.067	524.48	-16928.1	
	246	936.182	524.422	-16915.5	
	247	936.294	524.429	-16901.9	
	248	936.404	524.371	-16889.6	
	249	936.574	524.251	-16876.3	
	250	936.69	524.184	-16865.1	
	251	936.807	524.142	-16853.6	
	252	936.885	524.106	-16838.7	
	253	936.946	523.995	-16826.6	
	254	937.025	523.981	-16816.2	
	255	936.981	523.844	-16819.6	
	256	937.051	523.777	-16809	
	257	937.119	523.701	-16795.3	
	258	937.253	523.74	-16787.1	
	259	937.294	523.622	-16776.7	
	260	937.442	523.59	-16762.9	
	261	937.444	523.38	-16757	
	262	937.537	523.293	-16746.7	
	263	937.647	523.202	-16737	
	264	937.724	523.094	-16725.9	
	265	937.862	523.066	-16711.7	
	266	937.932	522.95	-16702.1	
	267	938.047	522.893	-16687.9	
	268	938.188	522.973	-16671.7	
	269	938.328	522.988	-16657.3	
	270	938.44	522.973	-16646.2	
	271	938.41	522.801	-16644	
	272	938.645	522.859	-16634.2	
	273	938.877	522.911	-16625.3	
	274	939.093	522.981	-16617.9	
	275	939.339	523.046	-16607.8	
	276	939.623	523.124	-16596	
	277	939.868	523.188	-16586.6	
	278	940.151	523.259	-16572.6	
	279	940.37	523.307	-16564.8	
	280	940.651	523.376	-16552	
	281	940.94	523.466	-16540.5	
	282	941.153	523.506	-16530.4	
	283	941.354	523.534	-16522.1	
	284	941.62	523.594	-16509.9	
	285	941.846	523.632	-16501.3	
	286	942.122	523.701	-16487.8	
	287	942.378	523.76	-16475.3	
	288	942.615	523.794	-16463.4	
	289	942.831	523.822	-16453.4	
	290	943.068	523.865	-16442.7	
	291	943.296	523.896	-16433	
	292	943.539	523.946	-16421.1	
	293	943.789	523.991	-16410.6	
	294	944.043	524.037	-16398	
	295	944.28	524.079	-16386.2	
	296	944.523	524.102	-16373.4	
	297	944.751	524.142	-16363.7	
	298	945.013	524.178	-16348.2	
	299	945.242	524.196	-16336.1	
	300	945.617	524.508	-16307.2	
	301	945.825	524.49	-16296.2	
	302	946.007	524.478	-16287.4	
	303	946.223	524.459	-16275	
	304	946.409	524.441	-16265.5	
	305	946.634	524.425	-16252.8	
	306	946.838	524.407	-16241.9	
	307	947.047	524.391	-16231.2	
	308	947.26	524.363	-16218.5	
	309	947.462	524.337	-16206.5	
	310	947.676	524.323	-16196.4	
	311	947.875	524.299	-16184.5	
	312	948.064	524.27	-16172.9	
	313	948.282	524.245	-16159.7	
	314	948.454	524.218	-16149.5	
	315	948.645	524.188	-16137.8	
	316	948.806	524.16	-16127.7	
	317	948.973	524.124	-16117.3	
	318	949.139	524.087	-16107.4	
	319	949.326	524.063	-16096.3	
	320	949.51	524.03	-16085.7	
	321	949.696	523.991	-16073.3	
	322	949.848	523.962	-16063.3	
	323	950.041	524.012	-16052.9	
	324	950.203	523.969	-16041.9	
	325	950.381	523.919	-16028.5	
	326	950.555	523.894	-16018.3	
	327	950.724	523.854	-16006.7	
	328	950.873	523.815	-15998.4	
	329	951.051	523.794	-15988	
	330	951.192	523.78	-15978.5	
	331	951.342	523.683	-15962.1	
	332	951.497	523.626	-15951.7	
	333	951.64	523.565	-15941.5	
	334	951.79	523.505	-15930.6	
	335	951.933	523.435	-15918.4	
	336	952.081	523.366	-15907.9	
	337	952.208	523.302	-15898.1	
	338	952.34	523.227	-15886.4	
	339	952.455	523.162	-15876.6	
	340	952.579	523.061	-15866.7	
	341	952.722	522.999	-15856.1	
	342	952.848	522.931	-15844.6	
	343	952.953	522.861	-15833.3	
	344	953.061	522.798	-15824.1	
	345	953.181	522.725	-15814.9	
	346	953.305	522.669	-15806.3	
	347	953.41	522.605	-15794.8	
	348	953.523	522.536	-15786	
	349	953.626	522.469	-15778.4	
	350	953.722	522.391	-15771.8	
	351	953.806	522.33	-15761.2	
	352	953.906	522.279	-15752.2	
	353	953.977	522.222	-15740.1	
	354	954.07	522.174	-15731.1	
	355	954.155	522.108	-15724.5	
	356	954.239	522.055	-15715	
	357	954.308	521.997	-15705.5	
	358	954.392	521.94	-15696.6	
	359	954.472	521.878	-15690.4	
	360	954.51	521.811	-15677.2	
	361	954.446	521.486	-15653.7	
	362	954.592	521.323	-15639.1	
	363	954.749	521.146	-15621	
	364	954.925	521.054	-15605.1	
	365	955.003	520.842	-15589.4	
	366	955.163	520.693	-15576.2	
	367	955.186	520.445	-15556.5	
	368	955.277	520.262	-15543.9	
	369	955.364	520.062	-15529.1	
	370	955.457	519.843	-15512.6	
	371	955.519	519.595	-15495.6	
	372	955.668	519.449	-15484.1	
	373	955.798	519.213	-15471.6	
	374	956.093	518.976	-15454.9	
	375	956.224	518.768	-15438.5	
	376	956.257	518.567	-15420.6	
	377	956.361	518.44	-15402.8	
	378	956.368	518.229	-15391.3	
	379	956.49	518.022	-15378.7	
	380	956.57	517.83	-15359.5	
	381	956.589	517.591	-15347.3	
	382	956.641	517.411	-15331.6	
	383	956.894	517.345	-15316.6	
	384	956.97	517.147	-15305.9	
	385	957.026	516.959	-15291.5	
	386	957.109	516.717	-15279	
	387	957.183	516.495	-15266.7	
	388	957.31	516.249	-15254.2	
	389	957.391	516.029	-15241	
	390	957.412	515.809	-15228.9	
	391	957.34	515.443	-15207.2	
	392	957.411	515.117	-15193.2	
	393	957.427	514.774	-15177.7	
	394	957.478	514.441	-15161.4	
	395	957.461	514.142	-15140.9	
	396	957.486	513.815	-15125.3	
	397	957.577	513.469	-15112.6	
	398	957.643	513.118	-15098.7	
	399	957.771	512.795	-15085	
	400	957.827	512.464	-15070	
	401	957.923	512.12	-15057.2	
	402	957.977	511.785	-15042.8	
	403	958.136	511.479	-15028.9	
	404	958.246	511.184	-15014.5	
	405	958.357	510.828	-15001.2	
	406	958.418	510.541	-14988.3	
	407	958.536	510.163	-14975	
	408	958.618	509.811	-14959.7	
	409	958.681	509.499	-14946.7	
	410	958.787	509.206	-14932.7	
	411	958.898	508.874	-14920.5	
	412	959.042	508.586	-14904.6	
	413	959.14	508.292	-14891.8	
	414	959.278	507.972	-14879.3	
	415	959.309	507.667	-14867.7	
	416	959.45	507.39	-14854.9	
	417	959.541	507.085	-14842.6	
	418	959.673	506.773	-14831.2	
	419	959.949	506.366	-14826.1	
	420	960	506	-14817.7	
	421	957.723	505.185	-14804.3	
	422	957.707	504.862	-14792.7	
	423	957.661	504.483	-14779.3	
	424	957.716	504.171	-14767	
	425	957.722	503.809	-14754.9	
	426	957.916	503.573	-14748.5	
	427	957.887	503.193	-14736.5	
	428	957.87	502.891	-14726.9	
	429	957.735	502.521	-14711.6	
	430	957.768	502.228	-14702.3	
	431	957.714	501.864	-14690.3	
	432	957.665	501.516	-14676.7	
	433	957.637	501.123	-14663.2	
	434	957.68	500.823	-14652.4	
	435	957.593	500.398	-14638.7	
	436	957.67	500.105	-14628.1	
	437	957.677	499.754	-14615.5	
	438	957.734	499.431	-14603.4	
	439	957.639	499.051	-14589.9	
	440	957.658	498.694	-14578.4	
	441	957.557	498.292	-14566.7	
	442	957.56	497.968	-14556.6	
	443	957.463	497.56	-14542.7	
	444	957.428	497.211	-14531.3	
	445	957.32	496.8	-14517.3	
	446	957.394	496.484	-14507.1	
	447	957.298	496.049	-14492.7	
	448	957.316	495.704	-14482	
	449	957.256	495.309	-14467.7	
	450	956.286	495.222	-14464.5	
	451	955.541	494.811	-14448.1	
	452	955.46	494.43	-14436.1	
	453	955.54	494.051	-14426	
	454	955.365	493.625	-14405.7	
	455	955.394	493.277	-14396.3	
	456	955.331	492.835	-14381.7	
	457	955.412	492.514	-14372.3	
	458	955.386	492.111	-14358.4	
	459	955.441	491.737	-14348	
	460	955.365	491.311	-14332.6	
	461	955.388	490.97	-14323.2	
	462	955.053	490.427	-14305.4	
	463	955.072	490.099	-14293.5	
	464	955.056	489.665	-14280.1	
	465	955.048	489.284	-14268.2	
	466	954.979	488.803	-14255.3	
	467	955.001	488.484	-14245.8	
	468	954.961	488.06	-14233.1	
	469	954.97	487.709	-14221.7	
	470	954.823	487.285	-14208.3	
	471	954.903	486.904	-14197	
	472	954.833	486.421	-14184	
	473	954.852	486.066	-14173.6	
	474	954.814	485.655	-14162	
	475	954.525	485.216	-14145.9	
	476	954.471	484.765	-14135.3	
	477	954.506	484.408	-14125.4	
	478	954.373	483.981	-14111.3	
	479	954.398	483.599	-14100.8	
	480	953.6	483.617	-14089	
	481	953.526	483.293	-14075.8	
	482	953.481	482.863	-14065.3	
	483	953.477	482.454	-14054.3	
	484	953.496	482.055	-14044.2	
	485	953.47	481.623	-14032.9	
	486	953.488	481.247	-14023.8	
	487	953.453	480.833	-14012	
	488	953.431	480.417	-14002.5	
	489	953.398	480.002	-13991.2	
	490	953.405	479.61	-13982	
	491	953.368	479.227	-13972	
	492	953.364	478.827	-13962.2	
	493	953.348	478.41	-13952	
	494	953.372	478.045	-13943.7	
	495	953.376	477.649	-13933.7	
	496	953.349	477.261	-13923.8	
	497	953.255	476.848	-13912.5	
	498	953.205	476.475	-13903.3	
	499	953.2	476.095	-13894.2	
	500	953.182	475.695	-13886.3	
	501	953.152	475.314	-13879.4	
	502	953.069	475.004	-13870.2	
	503	953.076	474.6	-13861.9	
	504	953.006	474.281	-13856.5	
	505	952.985	473.894	-13847.8	
	506	952.965	473.543	-13839.5	
	507	953.006	473.179	-13830.7	
	508	952.986	472.831	-13822.2	
	509	952.984	472.484	-13812.8	
	510	952.805	472.362	-13806.3	
	511	952.175	472.019	-13778.4	
	512	952.129	471.608	-13766.5	
	513	952.006	471.197	-13753.3	
	514	951.942	470.756	-13741.1	
	515	951.88	470.388	-13729.2	
	516	951.805	469.971	-13716.3	
	517	951.74	469.569	-13703.6	
	518	951.699	469.158	-13692	
	519	951.621	468.735	-13681.3	
	520	951.509	468.299	-13669.3	
	521	951.495	467.983	-13657.7	
	522	951.409	467.558	-13644.6	
	523	951.353	467.176	-13633.8	
	524	951.29	466.771	-13620.8	
	525	951.215	466.367	-13609.6	
	526	951.154	465.98	-13598.3	
	527	951.079	465.604	-13588.1	
	528	951.007	465.192	-13576.1	
	529	950.94	464.831	-13564.5	
	530	950.852	464.441	-13552.6	
	531	950.778	464.094	-13542.4	
	532	950.713	463.725	-13530.2	
	533	950.679	463.318	-13521.4	
	534	950.587	462.936	-13510.4	
	535	950.531	462.589	-13500.1	
	536	950.477	462.169	-13489.1	
	537	950.356	461.793	-13477.8	
	538	950.347	461.413	-13467.4	
	539	950.274	461.075	-13458	
	540	950.093	460.673	-13447.1	
	541	950.09	460.31	-13437.7	
	542	950.018	459.955	-13427.8	
	543	949.955	459.569	-13417.9	
	544	949.872	459.242	-13406.9	
	545	949.78	458.862	-13396.5	
	546	949.709	458.54	-13386	
	547	949.602	458.156	-13375.8	
	548	949.553	457.804	-13366.4	
	549	949.472	457.444	-13355.8	
	550	949.383	457.1	-13346.6	
	551	949.289	456.749	-13335.9	
	552	949.2	456.409	-13324.9	
	553	949.022	456.003	-13313.8	
	554	948.972	455.629	-13304.5	
	555	948.861	455.243	-13294.3	
	556	948.554	455.3	-13279.7	
	557	948.507	454.884	-13270.1	
	558	948.415	454.5	-13259.9	
	559	948.341	454.118	-13249.5	
	560	948.252	453.737	-13240.6	
	561	948.162	453.315	-13231.2	
	562	948.076	452.943	-13222.1	
	563	948.009	452.577	-13213	
	564	947.939	452.218	-13204.1	
	565	947.838	451.822	-13194.5	
	566	947.758	451.483	-13185.8	
	567	947.697	451.052	-13178.2	
	568	947.608	450.702	-13168.9	
	569	947.558	450.316	-13160.4	
	570	947.376	450.043	-13149.2	
	571	947.063	450.028	-13128.5	
	572	946.948	449.73	-13117.7	
	573	946.861	449.367	-13108.4	
	574	946.783	449.028	-13098.6	
	575	946.711	448.698	-13089	
	576	946.689	448.331	-13079.7	
	577	946.619	448.013	-13070.6	
	578	946.52	447.691	-13060.9	
	579	946.419	447.371	-13051.4	
	580	946.382	447.068	-13039.8	
	581	946.288	446.77	-13030.7	
	582	946.191	446.421	-13022	
	583	946.113	446.138	-13012.8	
	584	946.029	445.822	-13003.9	
	585	945.989	445.48	-12995.1	
	586	945.947	445.118	-12987.2	
	587	945.893	444.811	-12978.7	
	588	945.813	444.508	-12969.7	
	589	945.726	444.216	-12961.5	
	590	945.61	443.918	-12952.9	
	591	945.504	443.647	-12943.8	
	592	945.383	443.356	-12935	
	593	945.333	443.045	-12926.9	
	594	945.215	442.725	-12918.3	
	595	945.128	442.446	-12909.8	
	596	945.027	442.141	-12902.2	
	597	944.933	441.862	-12893.9	
	598	944.82	441.634	-12885.1	
	599	944.726	441.334	-12877.7	
	600	944.762	441.072	-12868.5	
	601	944.517	440.994	-12848.7	
	602	944.407	440.722	-12839.8	
	603	944.263	440.441	-12830.3	
	604	944.136	440.169	-12820.7	
	605	943.975	439.903	-12811.3	
	606	943.811	439.628	-12802	
	607	943.677	439.369	-12793.1	
	608	943.547	439.085	-12783.5	
	609	943.411	438.819	-12773.9	
	610	943.289	438.56	-12764.9	
	611	943.195	438.291	-12755.6	
	612	943.054	438.014	-12747.1	
	613	942.92	437.797	-12737.6	
	614	942.774	437.557	-12728.4	
	615	942.645	437.274	-12719.4	
	616	942.511	437.038	-12709.3	
	617	942.36	436.79	-12699.8	
	618	942.213	436.522	-12691.5	
	619	942.082	436.307	-12682.4	
	620	941.935	436.044	-12674.3	
	621	941.785	435.776	-12665.1	
	622	941.663	435.545	-12657.3	
	623	941.546	435.278	-12648.8	
	624	941.414	435.058	-12641.5	
	625	941.245	434.755	-12632.6	
	626	941.095	434.529	-12624.4	
	627	940.952	434.268	-12617.1	
	628	940.813	434.056	-12609.4	
	629	940.669	433.815	-12601.3	
	630	940.526	433.715	-12591.5	
	631	940.275	433.506	-12578.5	
	632	940.129	433.247	-12570.1	
	633	939.989	432.994	-12561.4	
	634	939.818	432.76	-12552.4	
	635	939.667	432.531	-12543.6	
	636	939.516	432.319	-12535.2	
	637	939.372	432.078	-12526.6	
	638	939.225	431.84	-12518.5	
	639	939.092	431.629	-12510.3	
	640	938.901	431.397	-12500.6	
	641	938.793	431.208	-12492.5	
	642	938.642	430.961	-12484	
	643	938.532	430.747	-12476.4	
	644	938.349	430.528	-12468	
	645	938.226	430.317	-12459.9	
	646	938.122	430.094	-12452.5	
	647	938.009	429.906	-12444	
	648	937.857	429.713	-12435.8	
	649	937.725	429.51	-12428	
	650	937.575	429.32	-12420	
	651	937.431	429.128	-12412.4	
	652	937.257	428.934	-12404.7	
	653	937.131	428.751	-12397.1	
	654	936.981	428.538	-12389.3	
	655	936.875	428.367	-12382.1	
	656	936.703	428.181	-12374.4	
	657	936.567	427.982	-12367.2	
	658	936.426	427.823	-12359.9	
	659	936.337	427.635	-12352.9	
	660	936.183	427.328	-12348.6	
	661	935.932	426.959	-12336.9	
	662	935.813	426.798	-12329.5	
	663	935.697	426.593	-12321.8	
	664	935.609	426.423	-12314.6	
	665	935.433	426.226	-12306.6	
	666	935.264	426.056	-12298.1	
	667	935.121	425.869	-12290.6	
	668	934.998	425.677	-12283.5	
	669	934.839	425.524	-12275.6	
	670	934.72	425.358	-12268.3	
	671	934.654	425.134	-12261.3	
	672	934.509	424.98	-12254.4	
	673	934.299	424.81	-12246	
	674	934.184	424.649	-12239	
	675	934.056	424.478	-12231.9	
	676	933.937	424.313	-12225	
	677	933.851	424.139	-12218.9	
	678	933.735	423.991	-12211.6	
	679	933.603	423.842	-12205.1	
	680	933.468	423.684	-12198.1	
	681	933.318	423.547	-12191	
	682	933.222	423.389	-12184.8	
	683	933.075	423.236	-12177.9	
	684	932.942	423.113	-12170.7	
	685	932.825	422.94	-12164.1	
	686	932.739	422.833	-12157.8	
	687	932.591	422.69	-12151	
	688	932.482	422.55	-12144.2	
	689	932.333	422.41	-12137.4	
	690	932.241	422.221	-12132.2	
	691	932.25	421.888	-12122.2	
	692	932.115	421.713	-12115.9	
	693	931.973	421.522	-12108.4	
	694	931.905	421.366	-12102.3	
	695	931.779	421.232	-12095.9	
	696	931.576	421.082	-12088.7	
	697	931.456	420.932	-12082.1	
	698	931.361	420.82	-12075.1	
	699	931.255	420.691	-12068.5	
	700	931.177	420.572	-12061.6	
	701	931.081	420.495	-12055.5	
	702	930.942	420.303	-12048.5	
	703	930.884	420.17	-12042	
	704	930.753	420.002	-12035.3	
	705	930.585	419.909	-12028.8	
	706	930.468	419.751	-12022.9	
	707	930.35	419.618	-12016.6	
	708	930.237	419.465	-12010.1	
	709	930.13	419.357	-12003.5	
	710	929.998	419.213	-11996.9	
	711	929.907	419.086	-11990.7	
	712	929.731	418.963	-11984.1	
	713	929.66	418.826	-11977.9	
	714	929.571	418.696	-11972.1	
	715	929.475	418.601	-11965.6	
	716	929.379	418.428	-11959.8	
	717	929.321	418.278	-11954	
	718	929.234	418.12	-11948.1	
	719	929.057	417.993	-11941.1	
	720	929.28	417.632	-11935.2	
	721	929.204	417.427	-11926.3	
	722	929.084	417.289	-11920.4	
	723	928.968	417.173	-11913.7	
	724	928.889	417.063	-11907.9	
	725	928.779	416.935	-11902.4	
	726	928.666	416.817	-11896.3	
	727	928.574	416.678	-11890.6	
	728	928.463	416.55	-11884.6	
	729	928.333	416.428	-11878.4	
	730	928.208	416.295	-11872.3	
	731	928.101	416.157	-11866.7	
	732	928.025	416.022	-11861	
	733	927.911	415.904	-11854.8	
	734	927.801	415.782	-11849.1	
	735	927.712	415.673	-11843.4	
	736	927.598	415.541	-11837.4	
	737	927.492	415.411	-11831.8	
	738	927.389	415.307	-11826.1	
	739	927.3	415.186	-11820.5	
	740	927.182	415.07	-11814.7	
	741	927.078	414.951	-11809.3	
	742	926.964	414.819	-11803.8	
	743	926.844	414.69	-11798.2	
	744	926.728	414.553	-11792.7	
	745	926.663	414.407	-11787.4	
	746	926.575	414.281	-11781.9	
	747	926.507	414.195	-11776.5	
	748	926.417	414.06	-11770.3	
	749	926.302	413.956	-11765.2	
	750	926.223	413.626	-11757.1	
	751	926.291	413.116	-11749.6	
	752	926.193	412.998	-11744.1	
	753	926.084	412.878	-11739	
	754	926.009	412.762	-11733.9	
	755	925.934	412.651	-11728.9	
	756	925.844	412.525	-11724	
	757	925.761	412.396	-11719.3	
	758	925.653	412.267	-11714	
	759	925.554	412.154	-11708.9	
	760	925.463	412.042	-11703.7	
	761	925.377	411.933	-11698.5	
	762	925.272	411.777	-11693.5	
	763	925.16	411.643	-11688.7	
	764	925.088	411.542	-11684	
	765	925	411.434	-11679.2	
	766	924.916	411.302	-11674.5	
	767	924.836	411.17	-11669.6	
	768	924.737	411.028	-11664.6	
	769	924.654	410.908	-11660	
	770	924.565	410.787	-11655.5	
	771	924.481	410.684	-11650.4	
	772	924.388	410.578	-11646.1	
	773	924.294	410.466	-11641.3	
	774	924.204	410.349	-11636.9	
	775	924.117	410.231	-11631.9	
	776	924.036	410.137	-11627.4	
	777	923.945	410.037	-11622.9	
	778	923.877	409.929	-11618.2	
	779	923.786	409.808	-11613.8	
	780	923.809	409.62	-11606.4	
	781	923.75	409.468	-11598	
	782	923.663	409.369	-11593.2	
	783	923.586	409.27	-11588.8	
	784	923.506	409.18	-11584.4	
	785	923.425	409.068	-11579.6	
	786	923.337	408.978	-11574.8	
	787	923.272	408.868	-11570.5	
	788	923.207	408.76	-11566.2	
	789	923.131	408.665	-11561.8	
	790	923.059	408.555	-11557.2	
	791	922.999	408.445	-11552.8	
	792	922.922	408.353	-11548.3	
	793	922.861	408.253	-11544.2	
	794	922.792	408.17	-11540.4	
	795	922.715	408.076	-11536.1	
	796	922.637	407.981	-11532	
	797	922.548	407.881	-11527.7	
	798	922.47	407.796	-11523.8	
	799	922.396	407.731	-11520	
	800	922.334	407.64	-11515.9	
	801	922.268	407.545	-11512.1	
	802	922.205	407.45	-11508	
	803	922.119	407.342	-11504	
	804	922.035	407.239	-11499.9	
	805	921.957	407.138	-11495.6	
	806	921.87	407.039	-11491.4	
	807	921.818	406.943	-11487.9	
	808	921.766	406.85	-11484.2	
	809	921.685	406.737	-11480.2	
	810	921.631	406.63	-11472.2	
	811	921.65	406.381	-11463.4	
	812	921.588	406.275	-11459.4	
	813	921.534	406.187	-11455.6	
	814	921.466	406.084	-11451.5	
	815	921.388	405.985	-11447.6	
	816	921.323	405.872	-11443.7	
	817	921.252	405.757	-11439.8	
	818	921.189	405.655	-11435.8	
	819	921.132	405.554	-11431.8	
	820	921.068	405.455	-11428.3	
	821	921.022	405.355	-11424.9	
	822	920.959	405.233	-11421	
	823	920.901	405.115	-11416.7	
	824	920.826	405.01	-11412.7	
	825	920.754	404.915	-11408.8	
	826	920.705	404.8	-11404.9	
	827	920.658	404.707	-11401.3	
	828	920.594	404.607	-11397.7	
	829	920.552	404.518	-11394.1	
	830	920.489	404.401	-11391	
	831	920.419	404.298	-11387.2	
	832	920.375	404.19	-11383.3	
	833	920.32	404.093	-11379.8	
	834	920.249	403.986	-11375.5	
	835	920.187	403.886	-11371.8	
	836	920.125	403.776	-11368.1	
	837	920.065	403.673	-11364.5	
	838	920.03	403.585	-11360.7	
	839	919.98	403.485	-11357.9	
	840	919.949	403.293	-11350.1	
	841	919.575	403.198	-11342.1	
	842	919.496	403.118	-11338.6	
	843	919.407	403.025	-11335.1	
	844	919.326	402.919	-11331.2	
	845	919.234	402.837	-11327.6	
	846	919.146	402.761	-11324.1	
	847	919.051	402.667	-11320.4	
	848	918.943	402.578	-11316.8	
	849	918.852	402.468	-11312.8	
	850	918.75	402.394	-11309.3	
	851	918.654	402.321	-11305.7	
	852	918.572	402.237	-11302.1	
	853	918.486	402.136	-11298.6	
	854	918.408	402.056	-11295.2	
	855	918.318	401.989	-11292	
	856	918.221	401.9	-11288.5	
	857	918.126	401.818	-11284.8	
	858	918.016	401.726	-11281.4	
	859	917.921	401.637	-11277.9	
	860	917.821	401.547	-11274.6	
	861	917.75	401.459	-11271.1	
	862	917.646	401.371	-11267.8	
	863	917.565	401.28	-11264.2	
	864	917.47	401.194	-11260.7	
	865	917.393	401.079	-11257.5	
	866	917.292	400.993	-11254.5	
	867	917.198	400.916	-11250.9	
	868	917.089	400.8	-11247.5	
	869	916.953	400.704	-11244	
	870	916.764	400.86	-11237.7	
	871	916.706	400.773	-11230	
	872	916.629	400.683	-11226.5	
	873	916.576	400.611	-11223.3	
	874	916.524	400.533	-11219.7	
	875	916.464	400.466	-11216.7	
	876	916.41	400.395	-11213.5	
	877	916.348	400.323	-11210.4	
	878	916.294	400.239	-11206.7	
	879	916.235	400.168	-11203.7	
	880	916.187	400.095	-11200.4	
	881	916.126	400.029	-11197.5	
	882	916.072	399.949	-11194.1	
	883	916.009	399.884	-11191.2	
	884	915.952	399.808	-11187.6	
	885	915.884	399.743	-11184.6	
	886	915.815	399.672	-11181.3	
	887	915.747	399.611	-11178.3	
	888	915.674	399.535	-11174.7	
	889	915.603	399.47	-11171.7	
	890	915.531	399.387	-11168.1	
	891	915.461	399.328	-11165.3	
	892	915.387	399.261	-11162.1	
	893	915.309	399.196	-11158.8	
	894	915.228	399.127	-11155.7	
	895	915.165	399.064	-11152.8	
	896	915.089	398.981	-11148.9	
	897	915.006	398.918	-11145.8	
	898	914.93	398.842	-11142.3	
	899	914.843	398.772	-11138.8	
	900	914.923	398.642	-11125.6	
	901	914.747	398.593	-11122.1	
	902	914.623	398.541	-11119.5	
	903	914.507	398.493	-11117.1	
	904	914.384	398.442	-11114.6	
	905	914.267	398.393	-11112.2	
	906	914.139	398.342	-11109.6	
	907	914.024	398.295	-11107.2	
	908	913.887	398.243	-11104.4	
	909	913.765	398.195	-11101.9	
	910	913.631	398.145	-11099.2	
	911	913.479	398.092	-11096.1	
	912	913.352	398.045	-11093.5	
	913	913.218	397.997	-11090.8	
	914	913.066	397.946	-11087.7	
	915	912.917	397.897	-11084.7	
	916	912.767	397.848	-11081.7	
	917	912.636	397.804	-11079	
	918	912.486	397.758	-11076	
	919	912.336	397.712	-11073	
	920	912.186	397.667	-11070	
	921	912.05	397.625	-11067.3	
	922	911.898	397.583	-11064.2	
	923	911.734	397.538	-11060.9	
	924	911.566	397.494	-11057.6	
	925	911.412	397.454	-11054.5	
	926	911.241	397.411	-11051.1	
	927	911.076	397.371	-11047.8	
	928	910.9	397.331	-11044.3	
	929	910.728	397.292	-11040.9	
	930	910.549	397.256	-11037.5	
	931	910.407	397.322	-11031.3	
	932	910.256	397.242	-11027.5	
	933	910.113	397.164	-11023.4	
	934	909.954	397.087	-11019.4	
	935	909.797	397.007	-11015.3	
	936	909.638	396.938	-11011.3	
	937	909.499	396.868	-11007.4	
	938	909.34	396.79	-11003.1	
	939	909.205	396.726	-10999.2	
	940	909.061	396.66	-10996	
	941	908.91	396.578	-10991.5	
	942	908.743	396.5	-10987.6	
	943	908.574	396.415	-10983.2	
	944	908.401	396.352	-10979.2	
	945	908.234	396.27	-10974.9	
	946	908.037	396.264	-10971	
	947	907.857	396.189	-10966.6	
	948	907.682	396.113	-10962	
	949	907.501	396.036	-10957.8	
	950	907.325	395.953	-10953.5	
	951	907.126	395.88	-10949.1	
	952	906.929	395.806	-10944.7	
	953	906.744	395.722	-10940.3	
	954	906.554	395.644	-10935.7	
	955	906.362	395.565	-10931	
	956	906.165	395.487	-10926.7	
	957	905.968	395.416	-10922.2	
	958	905.766	395.345	-10917.9	
	959	905.565	395.263	-10913.1	
	960	905.363	395.222	-10908.4	
	961	905.291	395.198	-10906.8	
	962	905.177	395.156	-10904.3	
	963	905.061	395.114	-10901.8	
	964	904.944	395.074	-10899.2	
	965	904.833	395.033	-10896.9	
	966	904.716	394.996	-10894.4	
	967	904.602	394.959	-10891.9	
	968	904.484	394.922	-10889.4	
	969	904.368	394.888	-10887	
	970	904.252	394.854	-10884.5	
	971	904.139	394.823	-10882.2	
	972	904.024	394.792	-10879.7	
	973	903.909	394.761	-10877.3	
	974	903.799	394.733	-10875	
	975	903.683	394.706	-10872.6	
	976	903.573	394.679	-10870.3	
	977	903.455	394.653	-10867.9	
	978	903.349	394.63	-10865.7	
	979	903.234	394.609	-10863.3	
	980	903.132	394.588	-10861.2	
	981	903.028	394.57	-10859.1	
	982	902.917	394.551	-10856.8	
	983	902.814	394.535	-10854.7	
	984	902.717	394.519	-10852.7	
	985	902.61	394.504	-10850.5	
	986	902.515	394.492	-10848.6	
	987	902.417	394.479	-10846.6	
	988	902.325	394.467	-10844.7	
	989	902.233	394.454	-10842.8	
	990	902.141	394.442	-10841	
	991	966.832	285.889	-10827.1	
	992	972.842	284.823	-10819.8	
	993	976.873	279.509	-10816.4	
	994	982.508	276.3	-10810.9	
	995	986.518	274.274	-10805.7	
	996	990.366	270.854	-10801.3	
	997	994.552	267.022	-10795.6	
	998	1000.05	264.396	-10789.1	
	999	1002.09	259.915	-10786.1	
	1000	1008.97	257.23	-10779	
	1001	1010.07	254.974	-10776.6	
	1002	1014.29	250.849	-10772.5	
	1003	1019.07	248.411	-10765.5	
	1004	1023.09	246.468	-10759.6	
	1005	1027.88	246.029	-10754.1	
	1006	1033.93	241.563	-10749.1	
	1007	1035.97	238.421	-10745	
	1008	1042.09	235.856	-10737	
	1009	1047.04	231.977	-10732.4	
	1010	1053.56	228.716	-10726.1	
	1011	1055.4	226.271	-10721.4	
	1012	1061.5	222.624	-10715.3	
	1013	1068.24	222.985	-10706.6	
	1014	1071.92	217.456	-10702.5	
	1015	1076.23	214.139	-10697.6	
	1016	1082.98	213.373	-10691.3	
	1017	1086.87	208.432	-10685.8	
	1018	1089.7	201.805	-10683.8	
	1019	1093.98	199.044	-10678.2	
	1020	1125.42	56.3985	-10699.4	
	1021	1128.73	59.5219	-10690.1	
	1022	1131.48	62.5576	-10682.8	
	1023	1134.21	66.06	-10676.2	
	1024	1137.12	68.8782	-10668.7	
	1025	1140.92	72.0278	-10660.7	
	1026	1145.48	75.0409	-10653.5	
	1027	1148.44	78.3086	-10646.4	
	1028	1151.71	81.5428	-10639	
	1029	1155.81	85.0272	-10631	
	1030	1158.94	87.4598	-10623.9	
	1031	1161.85	90.4379	-10617.4	
	1032	1165.91	93.0955	-10610.1	
	1033	1168.82	96.0858	-10603.9	
	1034	1171.04	98.5359	-10597.3	
	1035	1174.97	101.357	-10589.7	
	1036	1180.09	104.101	-10581.7	
	1037	1183.64	106.724	-10574.8	
	1038	1186.87	108.889	-10567.3	
	1039	1187.98	111.018	-10561.6	
	1040	1191.02	113.573	-10554.4	
	1041	1194.14	115.724	-10547.4	
	1042	1197.62	118.21	-10540.5	
	1043	1200.67	120.582	-10533.5	
	1044	1201.93	122.845	-10527.4	
	1045	1204.59	124.883	-10521.7	
	1046	1207.22	127.057	-10515.1	
	1047	1209.37	128.807	-10508.5	
	1048	1212.15	130.328	-10500.7	
	1049	1215.37	132.145	-10494.3	
	1050	1219	130.328	-10487.3	
	1051	1225.08	129.352	-10475.7	
	1052	1229.22	132.188	-10468.8	
	1053	1233.4	134.49	-10460.9	
	1054	1237.61	137.062	-10453	
	1055	1241.96	139.461	-10445.7	
	1056	1246.28	141.957	-10437.8	
	1057	1256.28	143.799	-10427.3	
	1058	1260.86	145.943	-10419.8	
	1059	1264.81	147.93	-10412.4	
	1060	1267.31	150.135	-10405.9	
	1061	1270.47	152.036	-10399	
	1062	1274.5	153.901	-10391.4	
	1063	1278.91	155.618	-10383.6	
	1064	1283.47	157.387	-10376.2	
	1065	1288.11	158.693	-10368.3	
	1066	1292.15	160.042	-10361.3	
	1067	1296.88	161.37	-10353.4	
	1068	1301.27	162.735	-10346	
	1069	1303.55	164.077	-10339.3	
	1070	1305.85	165.596	-10332.8	
	1071	1308.01	166.801	-10326.5	
	1072	1309.79	168.111	-10319.9	
	1073	1312.21	169.392	-10314	
	1074	1313.99	170.727	-10308.3	
	1075	1316.98	171.717	-10301.3	
	1076	1320.27	172.76	-10294.5	
	1077	1323.21	173.71	-10288.1	
	1078	1326.28	174.535	-10281.3	
	1079	1330.27	175.174	-10274.3	
	1080	1334.58	173.544	-10268.1	
	1081	1341.33	161.455	-10262.6	
	1082	1345.57	161.42	-10255.4	
	1083	1349.92	161.76	-10247.5	
	1084	1354.24	162.093	-10240.2	
	1085	1359.34	162.287	-10232.3	
	1086	1362.89	162.454	-10225.2	
	1087	1367.01	162.343	-10217.2	
	1088	1371.56	162.493	-10209.5	
	1089	1375.92	161.973	-10202.1	
	1090	1380.33	162.581	-10194.4	
	1091	1384.62	162.885	-10187.1	
	1092	1389.41	163.123	-10179.3	
	1093	1393.38	163.39	-10171.6	
	1094	1396.81	163.363	-10164.4	
	1095	1401.02	163.744	-10156.3	
	1096	1404.93	163.891	-10148.9	
	1097	1409.48	163.876	-10141.4	
	1098	1412.9	164.112	-10134.1	
	1099	1416.53	163.875	-10126.5	
	1100	1419.47	163.96	-10119.6	
	1101	1424.13	163.947	-10111.8	
	1102	1428.97	164.032	-10103.7	
	1103	1433.86	163.905	-10096.2	
	1104	1437.24	164.197	-10088.6	
	1105	1441.46	163.829	-10080.1	
	1106	1444.47	164.287	-10074	
	1107	1449.05	163.854	-10066.3	
	1108	1452.59	164.445	-10059.1	
	1109	1457.19	164.656	-10050.9	
	1110	1458.24	160.498	-10046.5	
	1111	1477.69	147.85	-10040.5	
	1112	1483.69	148.242	-10033	
	1113	1489.84	147.945	-10024.6	
	1114	1498.47	146.176	-10015.1	
	1115	1505	146.072	-10007.2	
	1116	1512.2	144.534	-9998.32	
	1117	1517.6	144.701	-9989.5	
	1118	1523.47	144.031	-9980.59	
	1119	1530.27	144.045	-9972.16	
	1120	1536.27	144.582	-9962.93	
	1121	1542.13	144.01	-9954.38	
	1122	1548.34	144.09	-9945.27	
	1123	1555.81	144.113	-9936.21	
	1124	1561.8	144.027	-9927.08	
	1125	1566.98	143.851	-9918.74	
	1126	1574.21	142.986	-9909.38	
	1127	1579.43	143.64	-9899.58	
	1128	1586.01	143.173	-9890.47	
	1129	1591.84	142.681	-9881.34	
	1130	1598.62	142.383	-9871.96	
	1131	1603.98	142.591	-9862.82	
	1132	1609.62	142.522	-9852.16	
	1133	1616.6	141.629	-9843.39	
	1134	1622.21	142.396	-9833.44	
	1135	1627.79	141.867	-9824.54	
	1136	1633.83	141.286	-9815.37	
	1137	1639.29	140.854	-9806.24	
	1138	1645.03	140.76	-9797	
	1139	1650.24	140.779	-9787.67	
	1140	1655.64	127.047	-9777	
	1141	1662.71	125.033	-9766.18	
	1142	1667.92	125.983	-9756.74	
	1143	1673.52	126.266	-9746.81	
	1144	1679.02	127.924	-9736.86	
	1145	1684.5	129.248	-9726.85	
	1146	1690.09	129.535	-9716.9	
	1147	1696.81	129.87	-9707.3	
	1148	1702.57	130.909	-9696.7	
	1149	1709.22	131.496	-9686.21	
	1150	1714.48	133.409	-9676.16	
	1151	1720.74	135.053	-9665.66	
	1152	1742.51	135.765	-9652.17	
	1153	1748.31	136.848	-9641.28	
	1154	1754.27	136.81	-9631.09	
	1155	1760.39	137.979	-9619.99	
	1156	1765.2	139.248	-9610.51	
	1157	1770.52	140.061	-9599.57	
	1158	1777.54	139.088	-9589.92	
	1159	1783.07	139.639	-9578.69	
	1160	1787.61	140.539	-9568.69	
	1161	1793.04	141.226	-9558.1	
	1162	1797.83	141.338	-9547.86	
	1163	1803.7	141.611	-9536.98	
	1164	1807.33	142.326	-9527.7	
	1165	1811.94	143.347	-9517.03	
	1166	1816.84	143.957	-9506.77	
	1167	1822.89	145.181	-9495	
	1168	1827.26	147.238	-9484.91	
	1169	1833.16	147.9	-9472.6	
	1170	1836.83	147.018	-9465.03	
	1171	1849.58	142.764	-9448.72	
	1172	1856.34	143.246	-9437.01	
	1173	1863.15	145.56	-9424.53	
	1174	1868.57	147.812	-9413.06	
	1175	1876.33	148.583	-9399.67	
	1176	1882.53	150.896	-9387.48	
	1177	1888.72	152.059	-9375.3	
	1178	1894.03	153.981	-9363.59	
	1179	1900.12	154.91	-9351.62	
	1180	1906.12	157.188	-9339.24	
	1181	1911.72	158.414	-9326.69	
	1182	1917.39	160.169	-9314.31	
	1183	1922.74	161	-9302.7	
	1184	1929.2	162.091	-9289.53	
	1185	1934.31	163.507	-9277.6	
	1186	1940.61	165.886	-9264.63	
	1187	1944.81	167.025	-9253.2	
	1188	1949.37	168.424	-9240.75	
	1189	1955.04	169.829	-9228.81	
	1190	1960.25	171.264	-9216.01	
	1191	1965.51	172.455	-9203.54	
	1192	1970.94	174.82	-9191.06	
	1193	1976.39	176.106	-9178.58	
	1194	1982.18	179.427	-9165.5	
	1195	1987.42	180.758	-9152.91	
	1196	1992.36	182.968	-9140.35	
	1197	1997.68	184.725	-9127.9	
	1198	2002.57	187.158	-9114.87	
	1199	2007.08	188.907	-9102.73	
	1200	2012.84	188.853	-9086.91	
	1201	2018.49	197.947	-9074	
	1202	2023.9	201.522	-9061.33	
	1203	2029.19	204.628	-9048.04	
	1204	2034.33	207.265	-9035.03	
	1205	2038.57	209.58	-9021.54	
	1206	2043.05	213.043	-9009.27	
	1207	2046.85	215.074	-8996.47	
	1208	2051.74	219.149	-8983.46	
	1209	2056.21	222.301	-8970.11	
	1210	2060.44	224.763	-8957.17	
	1211	2065	227.531	-8943.72	
	1212	2069.03	230.407	-8931.33	
	1213	2073.37	233.237	-8917.98	
	1214	2080.8	234.048	-8902.95	
	1215	2084.34	237.424	-8889.89	
	1216	2087.97	239.94	-8877.03	
	1217	2091.38	243.612	-8863.58	
	1218	2094.75	245.697	-8851.56	
	1219	2098.45	248.942	-8837.63	
	1220	2102.48	248.434	-8824.79	
	1221	2105.11	251.051	-8812.21	
	1222	2108.59	253.34	-8799.99	
	1223	2110.66	256.375	-8787.98	
	1224	2113.51	258.66	-8775.86	
	1225	2116.26	261.887	-8763.2	
	1226	2119.69	263.951	-8750.2	
	1227	2121.73	269.782	-8737.45	
	1228	2124.92	271.734	-8725.31	
	1229	2126.93	273.824	-8713.33	
	1230	2129.99	272.779	-8701.75	
	1231	2133.53	273.234	-8686.84	
	1232	2135.99	275.774	-8673.78	
	1233	2139.48	279.91	-8660.99	
	1234	2142.24	282.767	-8647.94	
	1235	2144.92	287.327	-8635.57	
	1236	2147.26	289.705	-8622.03	
	1237	2149.6	291.848	-8610.62	
	1238	2151.55	293.79	-8597.8	
	1239	2154.64	296.17	-8584.85	
	1240	2156.66	298.93	-8571.87	
	1241	2159.25	301.731	-8559.69	
	1242	2160.81	305.115	-8546.94	
	1243	2163.3	307.9	-8534.48	
	1244	2164.69	311.411	-8521.92	
	1245	2166.39	314.486	-8510.24	
	1246	2168.6	317.897	-8496.85	
	1247	2170.52	321.128	-8484.81	
	1248	2171.3	324.844	-8472.53	
	1249	2173	327.514	-8460.9	
	1250	2175.07	329.822	-8448.3	
	1251	2176.35	332.955	-8436.96	
	1252	2177.64	334.837	-8424.58	
	1253	2179.27	337.445	-8412.69	
	1254	2180.87	339.547	-8399.9	
	1255	2181.29	340.756	-8388.79	
	1256	2182.24	343.328	-8376.64	
	1257	2184.08	345.413	-8364.9	
	1258	2185.3	347.171	-8352.46	
	1259	2186.82	349.983	-8341.1	
	1260	2196.75	341.63	-8316.07	
	1261	2191.67	347.807	-8306.38	
	1262	2187.54	352.194	-8298.44	
	1263	2183.63	357.534	-8289.91	
	1264	2180.69	362.564	-8282.15	
	1265	2177.55	368.939	-8273.07	
	1266	2176.18	378.173	-8264.07	
	1267	2172.81	383.741	-8254.69	
	1268	2170.7	388.382	-8247.55	
	1269	2169.57	397.819	-8237.43	
	1270	2167.2	405.063	-8228.68	
	1271	2165.09	412.197	-8219.14	
	1272	2161.87	415.859	-8211.31	
	1273	2158.92	421.204	-8202.07	
	1274	2155.76	425.571	-8194.05	
	1275	2152.55	430.474	-8185.33	
	1276	2149.92	435.593	-8177.03	
	1277	2151.03	446.873	-8164.7	
	1278	2151.91	457.066	-8153.42	
	1279	2151.77	467.605	-8142.9	
	1280	2148.44	471.183	-8135.09	
	1281	2148.24	481.508	-8124.2	
	1282	2148.78	492.662	-8113.15	
	1283	2145.26	497.351	-8105.08	
	1284	2144.1	505.499	-8096.08	
	1285	2141.14	511.227	-8087.53	
	1286	2137.8	516.328	-8080.64	
	1287	2134.1	519.407	-8073.54	
	1288	2130.86	526.796	-8066.06	
	1289	2126.8	529.535	-8058.75	
	1290	2124.3	532.416	-8050.42	
	1291	2137.43	523.629	-8025.04	
	1292	2136.8	528.253	-8014.36	
	1293	2136.32	532.486	-8004.3	
	1294	2135.55	537.129	-7993.53	
	1295	2134.76	541.694	-7983.8	
	1296	2134.26	546.208	-7973.1	
	1297	2133.3	551.057	-7963.31	
	1298	2132.77	555.243	-7952.82	
	1299	2131.54	559.701	-7943.35	
	1300	2130.59	564.309	-7932.98	
	1301	2130.12	569.08	-7923	
	1302	2129.11	573.178	-7912.79	
	1303	2128.33	577.272	-7902.98	
	1304	2127.17	581.802	-7892.83	
	1305	2126.03	585.919	-7883.1	
	1306	2125.21	590.141	-7873.2	
	1307	2124.32	594.808	-7863.75	
	1308	2123.05	599.223	-7853.49	
	1309	2122.13	603.029	-7843.87	
	1310	2121.05	607.858	-7833.69	
	1311	2119.72	611.864	-7824.88	
	1312	2118.68	616.488	-7814.49	
	1313	2117.28	620.517	-7805.38	
	1314	2115.74	624.806	-7795.61	
	1315	2114.37	628.584	-7786.5	
	1316	2113.6	632.977	-7774.88	
	1317	2112.33	637.017	-7765.6	
	1318	2111.1	642.27	-7755.75	
	1319	2109.74	647.097	-7746.63	
	1320	2112.22	648.506	-7731.87	
	1321	2106.98	651.413	-7722.79	
	1322	2103.77	656.291	-7714	
	1323	2100.31	661.233	-7704.88	
	1324	2096.91	665.414	-7696.52	
	1325	2093.16	669.749	-7687.86	
	1326	2089.74	674.726	-7679.23	
	1327	2086.15	679.523	-7670.83	
	1328	2082.86	683.902	-7661.83	
	1329	2079.07	688.357	-7652.98	
	1330	2075.79	692.669	-7644.59	
	1331	2072.33	697.524	-7635.44	
	1332	2068.79	701.444	-7627.31	
	1333	2065.26	705.171	-7618.69	
	1334	2061.58	709.894	-7610.61	
	1335	2058.32	714.82	-7601.65	
	1336	2054.55	718.67	-7593.61	
	1337	2050.59	723.363	-7585.24	
	1338	2047.38	727.434	-7576.84	
	1339	2043.55	732.304	-7568.5	
	1340	2039.99	736.172	-7560.21	
	1341	2036.43	740.703	-7551.54	
	1342	2032.85	744.791	-7543.53	
	1343	2029.28	749.102	-7535.38	
	1344	2025.72	753.004	-7527.16	
	1345	2021.96	757.48	-7518.95	
	1346	2018.85	761.503	-7510.7	
	1347	2015.52	765.842	-7501.97	
	1348	2011.71	769.778	-7494.19	
	1349	2008.41	774.407	-7485.71	
	1350	2007.01	776.961	-7474.59	
	1351	2001.25	777.918	-7466.06	
	1352	1996.6	780.927	-7458.75	
	1353	1992.21	783.777	-7451.1	
	1354	1987.97	787.272	-7443.16	
	1355	1983.3	789.781	-7435.98	
	1356	1978.6	793.198	-7428.47	
	1357	1973.96	796.271	-7421.03	
	1358	1969.63	799.233	-7413.59	
	1359	1964.73	801.992	-7406.51	
	1360	1960.51	805.175	-7399.31	
	1361	1955.92	808.058	-7392.3	
	1362	1951.67	811.62	-7385.05	
	1363	1947.13	813.904	-7377.84	
	1364	1942.95	817.235	-7370.75	
	1365	1938.06	820.369	-7363.53	
	1366	1933.61	823.658	-7356.56	
	1367	1929.43	826.713	-7349.46	
	1368	1924.95	829.52	-7342.37	
	1369	1920.62	832.782	-7335.58	
	1370	1916.94	836.213	-7328.23	
	1371	1912.46	839.416	-7321.48	
	1372	1908.14	843.429	-7314.61	
	1373	1903.83	846.11	-7307.69	
	1374	1899.8	849.42	-7300.46	
	1375	1895.53	852.512	-7293.51	
	1376	1891.56	855.736	-7286.77	
	1377	1887.64	858.821	-7279.83	
	1378	1883.57	862.788	-7273.05	
	1379	1879.68	866.029	-7266.18	
	1380	1876.43	875.744	-7260.09	
	1381	1873.12	875.252	-7251.46	
	1382	1869.46	875.658	-7243.78	
	1383	1865.52	875.977	-7235.47	
	1384	1861.7	875.984	-7228.03	
	1385	1857.63	875.875	-7219.82	
	1386	1854.1	876.42	-7212.51	
	1387	1850.29	876.642	-7204.14	
	1388	1846.62	876.898	-7196.59	
	1389	1842.88	877.156	-7188.79	
	1390	1839.26	877.49	-7181.22	
	1391	1835.49	877.668	-7173.39	
	1392	1832.02	877.821	-7166.15	
	1393	1828.55	877.874	-7158.15	
	1394	1825.15	878.217	-7150.66	
	1395	1821.62	878.747	-7142.77	
	1396	1818.3	878.736	-7135.52	
	1397	1814.73	879.228	-7127.78	
	1398	1811.27	879.32	-7120.55	
	1399	1807.69	879.685	-7112.81	
	1400	1804.25	880.101	-7105.48	
	1401	1801.02	880.241	-7097.96	
	1402	1797.84	880.236	-7090.47	
	1403	1794.68	880.648	-7083.3	
	1404	1791.32	881.231	-7076.06	
	1405	1788.09	882.193	-7068.13	
	1406	1785.97	881.5	-7060.71	
	1407	1782.83	882.044	-7053.44	
	1408	1779.57	881.992	-7046.52	
	1409	1776.45	882.468	-7039.78	
	1410	1773.32	883.613	-7033.02	
	1411	1772.63	884.385	-7030.61	
	1412	1769.72	885.757	-7024.46	
	1413	1766.51	886.952	-7017.46	
	1414	1763.28	887.872	-7010.71	
	1415	1760.44	889.394	-7004.28	
	1416	1759.79	888.38	-6995.49	
	1417	1756.35	889.342	-6988.72	
	1418	1753.17	890.808	-6982.01	
	1419	1750.05	892.015	-6975.59	
	1420	1747.06	893.095	-6968.88	
	1421	1743.77	894.522	-6961.98	
	1422	1740.11	896.613	-6955.63	
	1423	1736.51	897.594	-6949.43	
	1424	1733.29	898.977	-6942.99	
	1425	1730.04	900.352	-6936.63	
	1426	1726.75	901.325	-6929.86	
	1427	1723.58	902.441	-6923.29	
	1428	1720.45	903.138	-6916.35	
	1429	1717.71	903.173	-6909.61	
	1430	1714.3	904.023	-6902.56	
	1431	1711.3	905.054	-6896.94	
	1432	1706.01	910.464	-6892.2	
	1433	1702.9	911.907	-6886.14	
	1434	1699.53	912.408	-6879.13	
	1435	1696.8	912.275	-6872.52	
	1436	1694.13	913.396	-6866.39	
	1437	1690.73	913.674	-6859.7	
	1438	1687.83	914.838	-6853.12	
	1439	1684.19	916.132	-6846.91	
	1440	1679.43	916.602	-6840.26	
	1441	1677.84	914.97	-6835.44	
	1442	1676.73	913.263	-6829.39	
	1443	1674.77	911.174	-6823.28	
	1444	1673.17	909.311	-6817.32	
	1445	1671.69	907.139	-6810.51	
	1446	1670.02	905.459	-6804.7	
	1447	1668.23	903.37	-6798.1	
	1448	1666.33	901.185	-6793.01	
	1449	1664.7	899.994	-6786.08	
	1450	1662.78	897.232	-6780.7	
	1451	1660.95	895.292	-6774.2	
	1452	1659.87	894.092	-6768.05	
	1453	1657.75	891.259	-6762.02	
	1454	1656.16	889.187	-6756.65	
	1455	1653.99	886.969	-6750.57	
	1456	1652.39	885.411	-6744.25	
	1457	1650.53	883.228	-6737.9	
	1458	1649.1	880.404	-6732.52	
	1459	1647.4	878.795	-6726.11	
	1460	1645.56	876.244	-6721.11	
	1461	1643.61	873.907	-6715.03	
	1462	1642.23	872.544	-6708.97	
	1463	1639.94	869.457	-6703.67	
	1464	1638.2	867.43	-6698.26	
	1465	1635.87	864.948	-6692.3	
	1466	1634.47	862.823	-6687.25	
	1467	1632.37	860.44	-6681.51	
	1468	1631	858.187	-6675.67	
	1469	1629.01	856.611	-6669.97	
	1470	1627.21	854.142	-6665.32	
	1471	1628.74	840.026	-6662.04	
	1472	1627.02	836.879	-6657.33	
	1473	1625.65	833.079	-6652.81	
	1474	1623.88	829.513	-6647.05	
	1475	1622.42	825.927	-6642.59	
	1476	1620.71	822.033	-6637.58	
	1477	1618.85	818.555	-6633.01	
	1478	1617.07	814.895	-6627.3	
	1479	1615.48	811.356	-6623.2	
	1480	1613.53	807.652	-6617.64	
	1481	1612	804.242	-6612.91	
	1482	1610.08	800.219	-6608.06	
	1483	1608.57	796.955	-6603.56	
	1484	1606.61	792.625	-6597.9	
	1485	1604.74	789.568	-6593.35	
	1486	1602.79	786.232	-6588.26	
	1487	1600.91	782.659	-6583.96	
	1488	1599.03	778.957	-6578.8	
	1489	1597.3	775.665	-6574.35	
	1490	1595.2	771.612	-6568.69	
	1491	1593.24	768.39	-6564.34	
	1492	1591.28	764.405	-6559.65	
	1493	1589.32	760.98	-6554.43	
	1494	1587.27	757.116	-6549.71	
	1495	1585.41	753.567	-6544.83	
	1496	1583.36	750.451	-6540.06	
	1497	1581.32	747.582	-6535.87	
	1498	1578.89	744.319	-6530.66	
	1499	1576.92	741.18	-6525.85	
	1500	1574.97	734.828	-6522.5	
	1501	1572.79	730.079	-6516.44	
	1502	1570.61	726.571	-6511.52	
	1503	1568.25	722.802	-6506.15	
	1504	1566.05	719.348	-6501.1	
	1505	1563.25	715.564	-6494.58	
	1506	1561.01	712.055	-6489.81	
	1507	1558.22	708.207	-6484.1	
	1508	1555.79	705.26	-6479.78	
	1509	1552.96	701.499	-6474.54	
	1510	1550.48	698.197	-6469.5	
	1511	1547.74	694.734	-6464.02	
	1512	1545.32	691.251	-6459.41	
	1513	1542.53	687.886	-6454.15	
	1514	1540.22	684.462	-6448.91	
	1515	1537.5	681.137	-6443.8	
	1516	1534.91	677.672	-6439.04	
	1517	1532.21	674.07	-6433.89	
	1518	1529.98	670.943	-6429.65	
	1519	1526.95	667.471	-6423.99	
	1520	1524.43	664.35	-6419.51	
	1521	1521.43	661.134	-6414.07	
	1522	1518.72	658.008	-6409.37	
	1523	1515.71	654.592	-6404.23	
	1524	1512.85	651.219	-6398.14	
	1525	1509.93	647.98	-6392.92	
	1526	1507.34	645.021	-6388.79	
	1527	1503.97	640.707	-6382.94	
	1528	1501.34	638.678	-6378.82	
	1529	1498.31	635.613	-6373.88	
	1530	1495.47	632.189	-6369.35	
	1531	1491.92	631.935	-6364.85	
	1532	1489.05	630.764	-6360.81	
	1533	1486.02	629.755	-6357.24	
	1534	1482.56	629.189	-6352.65	
	1535	1479.79	628.149	-6349.27	
	1536	1476.28	628.157	-6344.43	
	1537	1472.82	626.564	-6341	
	1538	1470.2	626.26	-6337.81	
	1539	1467.05	625.168	-6333.86	
	1540	1464.36	624.099	-6330.15	
	1541	1461.42	622.809	-6325.65	
	1542	1458.09	621.667	-6321.57	
	1543	1454.88	619.995	-6317.55	
	1544	1451.58	619.547	-6313.28	
	1545	1448.19	618.964	-6309.41	
	1546	1444.89	618.244	-6304.73	
	1547	1442.14	617.292	-6301.34	
	1548	1438.93	616.538	-6297.46	
	1549	1435.89	614.74	-6293.82	
	1550	1432.67	614.885	-6289.59	
	1551	1429.78	613.334	-6285.86	
	1552	1426.45	612.468	-6281.67	
	1553	1423.09	611.446	-6277.71	
	1554	1419.59	610.644	-6273.84	
	1555	1416.46	610.259	-6270.75	
	1556	1413.09	610.207	-6266.84	
	1557	1410.14	608.46	-6262.97	
	1558	1406.4	608.529	-6259.26	
	1559	1403.65	606.863	-6255.68	
	1560	1400.67	605.661	-6249.68	
	1561	1398.22	603.397	-6246.21	
	1562	1395.37	601.276	-6242.1	
	1563	1392.04	599.15	-6237.03	
	1564	1389.25	597.098	-6233.26	
	1565	1386.42	594.716	-6229.11	
	1566	1383.58	592.502	-6225.13	
	1567	1380.3	590.153	-6220.46	
	1568	1377.52	588.029	-6216.78	
	1569	1374.21	585.867	-6212.48	
	1570	1371.48	583.65	-6208.89	
	1571	1368.19	581.315	-6204.48	
	1572	1365.36	579.231	-6200.92	
	1573	1362.17	576.873	-6196.85	
	1574	1359.27	574.873	-6193.22	
	1575	1356.07	572.847	-6189.31	
	1576	1353.17	570.829	-6185.7	
	1577	1349.67	568.438	-6181.43	
	1578	1347.09	566.439	-6178.34	
	1579	1343.64	564.341	-6174.44	
	1580	1341.07	562.514	-6171.69	
	1581	1337.5	560.387	-6167.63	
	1582	1334.63	558.493	-6164.62	
	1583	1331.52	556.489	-6160.99	
	1584	1328.76	554.25	-6157.93	
	1585	1325.43	552.158	-6154.13	
	1586	1322.78	550.079	-6151.29	
	1587	1319.39	547.99	-6147.5	
	1588	1316.71	546.459	-6144.85	
	1589	1313.72	544.14	-6141.78	
	1590	1311.2	542.179	-6139.28	
	1591	1309.53	538.55	-6134.55	
	1592	1306.79	536.977	-6131.21	
	1593	1304.17	535.375	-6127.9	
	1594	1301.28	533.691	-6124.5	
	1595	1298.49	531.637	-6120.78	
	1596	1294.68	529.661	-6115.63	
	1597	1291.85	527.962	-6112.15	
	1598	1288.87	526.337	-6108.8	
	1599	1285.8	524.179	-6104.93	
	1600	1282.69	522.556	-6101.44	
	1601	1279.93	521.249	-6098.43	
	1602	1276.87	519.475	-6094.93	
	1603	1274.32	518.314	-6092.29	
	1604	1270.89	516.504	-6088.58	
	1605	1267.99	514.732	-6085.46	
	1606	1264.9	512.617	-6082.24	
	1607	1261.98	511.084	-6078.98	
	1608	1258.73	509.644	-6075.58	
	1609	1256.32	507.919	-6073.1	
	1610	1253.03	506.078	-6070	
	1611	1250.96	504.827	-6068.47	
	1612	1247.65	503.018	-6065.1	
	1613	1244.57	501.008	-6061.59	
	1614	1241.34	499.98	-6058.55	
	1615	1238.36	498.92	-6055.48	
	1616	1235.24	497.502	-6053.04	
	1617	1232.52	496.411	-6050.88	
	1618	1229.83	495.534	-6048.72	
	1619	1227	493.66	-6046.01	
	1620	1224.32	489.475	-6043.77	
	1621	1220.74	486.944	-6040.22	
	1622	1217.57	485.188	-6037.14	
	1623	1213.73	483.849	-6033.56	
	1624	1210.78	482.678	-6030.86	
	1625	1207.48	481.435	-6027.84	
	1626	1204.38	479.96	-6025.07	
	1627	1201.07	478.664	-6022.22	
	1628	1197.73	476.905	-6019.52	
	1629	1194.73	475.737	-6016.87	
	1630	1191.6	474.284	-6014.2	
	1631	1188.21	472.771	-6011.29	
	1632	1185.18	471.488	-6008.95	
	1633	1181.48	469.901	-6005.91	
	1634	1178.43	468.613	-6003.53	
	1635	1175.04	467.187	-6000.81	
	1636	1171.87	465.497	-5998.31	
	1637	1168.31	463.81	-5995.61	
	1638	1164.66	462.124	-5992.76	
	1639	1161.13	460.88	-5990.12	
	1640	1157.55	459.31	-5987.45	
	1641	1153.67	457.707	-5984.61	
	1642	1150.65	456.29	-5982.55	
	1643	1147.29	454.848	-5980.08	
	1644	1143.98	453.299	-5977.74	
	1645	1140.45	451.911	-5975.43	
	1646	1137.34	450.477	-5973.41	
	1647	1133.78	448.819	-5971	
	1648	1130.35	447.555	-5968.62	
	1649	1126.98	446.173	-5966.54	
	1650	1123.6	444.56	-5964.37	
	1651	1117.44	441.152	-5960.68	
	1652	1113.92	439.481	-5958.74	
	1653	1110.56	437.799	-5956.93	
	1654	1106.77	436.178	-5955.02	
	1655	1102.99	434.371	-5953.06	
	1656	1099.13	432.953	-5950.94	
	1657	1095.81	431.462	-5949.23	
	1658	1091.96	429.937	-5947.2	
	1659	1088.82	428.37	-5945.61	
	1660	1084.48	426.581	-5943.42	
	1661	1080.99	424.956	-5941.84	
	1662	1076.9	423.241	-5939.83	
	1663	1073.35	421.558	-5938.24	
	1664	1069.61	420.066	-5936.57	
	1665	1066.23	418.493	-5935.15	
	1666	1062.13	416.804	-5933.37	
	1667	1058.91	415.366	-5931.9	
	1668	1055.04	413.769	-5930.39	
	1669	1051.45	412.224	-5928.88	
	1670	1047.59	410.682	-5927.32	
	1671	1043.99	409.101	-5925.9	
	1672	1040.31	407.728	-5924.41	
	1673	1036.73	406.18	-5923.11	
	1674	1033.17	404.727	-5921.91	
	1675	1029.32	403.685	-5920.1	
	1676	1025.76	402.428	-5918.8	
	1677	1022.51	401.185	-5917.61	
	1678	1019.07	400.029	-5916.45	
	1679	1015.64	398.64	-5915.36	
	1680	1011.96	397.305	-5914.35	
	1681	1012.04	397.304	-5915.17	
	1682	1012.07	397.422	-5916.02	
	1683	1012.15	397.331	-5916.9	
	1684	1012.16	397.374	-5917.76	
	1685	1012.28	397.384	-5918.81	
	1686	1012.31	397.414	-5919.63	
	1687	1012.37	397.422	-5920.62	
	1688	1012.52	397.382	-5921.65	
	1689	1012.58	397.407	-5922.65	
	1690	1012.59	397.469	-5923.55	
	1691	1012.63	397.435	-5924.64	
	1692	1012.71	397.444	-5925.7	
	1693	1012.72	397.11	-5926.68	
	1694	1012.73	397.137	-5927.72	
	1695	1012.8	397.091	-5928.8	
	1696	1012.86	397.133	-5929.91	
	1697	1012.87	396.966	-5931.05	
	1698	1012.97	397.01	-5932.14	
	1699	1012.97	396.988	-5933.31	
	1700	1013.01	396.973	-5934.41	
	1701	1013.04	396.891	-5935.74	
	1702	1013.04	396.908	-5936.93	
	1703	1013.07	396.804	-5938.09	
	1704	1013.09	396.851	-5939.3	
	1705	1013.08	396.775	-5940.58	
	1706	1013.07	396.781	-5941.78	
	1707	1013.07	396.686	-5943.11	
	1708	1013.08	396.592	-5944.36	
	1709	1013.06	396.501	-5945.62	
	1710	1012.94	396.688	-5946.7	
	1711	1012.88	398.011	-5948.86	
	1712	1012.63	397.956	-5950.82	
	1713	1012.35	398.071	-5952.88	
	1714	1012.22	397.644	-5954.84	
	1715	1011.87	397.746	-5957.28	
	1716	1011.7	397.451	-5959.21	
	1717	1011.21	397.673	-5962.32	
	1718	1010.61	397.575	-5964.88	
	1719	1010.35	397.453	-5966.69	
	1720	1009.59	398.129	-5969.6	
	1721	1009.23	398.114	-5971.44	
	1722	1008.65	398.121	-5973.91	
	1723	1007.97	397.774	-5976.89	
	1724	1007.47	397.612	-5979.19	
	1725	1006.74	397.451	-5981.85	
	1726	1006.03	397.416	-5983.94	
	1727	1005.34	397.148	-5986.28	
	1728	1004.3	397.105	-5988.12	
	1729	1002.76	397.183	-5991.92	
	1730	1001.9	396.845	-5994.53	
	1731	1001.18	396.609	-5996.45	
	1732	1000.49	395.929	-5998.69	
	1733	999.356	395.73	-6001.31	
	1734	998.116	395.75	-6003.88	
	1735	996.866	395.839	-6006.71	
	1736	995.521	395.55	-6009.41	
	1737	994.265	395.575	-6011.81	
	1738	992.727	395.5	-6014.81	
	1739	991.091	395.783	-6017.23	
	1740	989.778	396.514	-6019.78	
	1741	989.907	396.773	-6019.75	
	1742	989.861	396.935	-6019.68	
	1743	989.815	397.122	-6019.59	
	1744	989.756	397.291	-6019.5	
	1745	989.709	397.487	-6019.39	
	1746	989.652	397.663	-6019.3	
	1747	989.571	397.871	-6019.18	
	1748	989.447	398.031	-6019.06	
	1749	989.364	398.253	-6018.93	
	1750	989.287	398.454	-6018.83	
	1751	989.104	398.648	-6018.65	
	1752	988.981	398.845	-6018.53	
	1753	988.835	399.059	-6018.38	
	1754	988.683	399.26	-6018.22	
	1755	988.668	399.504	-6018.13	
	1756	988.489	399.712	-6017.98	
	1757	988.414	399.927	-6017.83	
	1758	988.112	400.051	-6017.62	
	1759	988.029	400.285	-6017.5	
	1760	987.889	400.518	-6017.37	
	1761	987.81	400.778	-6017.24	
	1762	987.755	401.027	-6017.14	
	1763	987.664	401.289	-6017.03	
	1764	987.537	401.525	-6016.9	
	1765	987.414	401.784	-6016.77	
	1766	987.389	402.05	-6016.67	
	1767	987.275	402.306	-6016.55	
	1768	987.284	402.573	-6016.48	
	1769	987.177	402.844	-6016.37	
	1770	986.784	403.061	-6016.15	
	1771	987.346	402.745	-6015.54	
	1772	987.477	402.492	-6014.88	
	1773	987.676	402.285	-6014.12	
	1774	987.926	402.049	-6013.33	
	1775	988.357	401.951	-6012.24	
	1776	988.773	401.729	-6011.35	
	1777	991.716	402.147	-6007.96	
	1778	992.122	402.017	-6007.22	
	1779	992.042	401.844	-6006.34	
	1780	992.36	401.329	-6005.57	
	1781	992.688	401.435	-6005.77	
	1782	993.028	401.556	-6005.98	
	1783	993.334	401.659	-6006.18	
	1784	994.187	401.965	-6006.67	
	1785	994.393	402.027	-6006.81	
	1786	994.66	402.118	-6006.99	
	1787	994.887	402.202	-6007.14	
	1788	995.073	402.264	-6007.26	


End of Keyframe Data
